0 0.736105 0.518403 0.052773 0.050639
0 0.378891 0.513035 0.043594 0.058125
0 0.461102 0.521042 0.049828 0.055417
0 0.515910 0.435812 0.043602 0.035431
0 0.323770 0.445778 0.037992 0.047611
0 0.273773 0.463597 0.034500 0.034306
0 0.700043 0.537701 0.057023 0.058625
0 0.542570 0.584368 0.056172 0.077125
0 0.616543 0.497646 0.051570 0.059653
0 0.552844 0.472118 0.052297 0.055625
0 0.623305 0.679708 0.078016 0.101861
0 0.438078 0.582187 0.048578 0.062819
0 0.474918 0.632667 0.057195 0.081889
0 0.285187 0.626375 0.053063 0.101917
0 0.840715 0.615944 0.076430 0.069472
0 0.778121 0.648674 0.087195 0.105681
0 0.260039 0.903333 0.112734 0.193333
0 0.290543 0.503799 0.036102 0.049764
0 0.327656 0.540056 0.039844 0.061778
0 0.990906 0.644861 0.018187 0.063056
0 0.230230 0.470889 0.032805 0.035167
