0 0.377355 0.612944 0.052898 0.082528
0 0.478207 0.611590 0.062039 0.081181
0 0.592570 0.467819 0.037297 0.041278
0 0.966715 0.704458 0.066570 0.071694
0 0.555695 0.465764 0.052516 0.049583
0 0.770832 0.652083 0.074273 0.081111
0 0.323984 0.425625 0.034375 0.025417
0 0.462301 0.950951 0.115070 0.098097
0 0.271941 0.836208 0.080508 0.154917
0 0.275813 0.704514 0.062688 0.094306
0 0.608117 0.884750 0.110719 0.172444
0 0.768145 0.572160 0.066055 0.073736
0 0.315535 0.407549 0.025492 0.020653
0 0.427402 0.437715 0.037289 0.035181
0 0.396574 0.447868 0.033492 0.031125
0 0.307336 0.467479 0.036156 0.035181
0 0.273273 0.490146 0.035016 0.037208
0 0.238262 0.534465 0.036539 0.048708
0 0.635223 0.557438 0.058961 0.051931
0 0.814422 0.519597 0.059906 0.057917
0 0.686523 0.742688 0.090188 0.116347
0 0.497332 0.481389 0.042758 0.038750
0 0.762918 0.409319 0.037430 0.050444
