0 0.288438 0.595764 0.067187 0.162917
0 0.593418 0.534160 0.045508 0.049708
0 0.500441 0.554479 0.064008 0.068264
0 0.531523 0.677979 0.068359 0.111819
0 0.622461 0.504097 0.053828 0.046528
0 0.439625 0.582861 0.050125 0.064889
0 0.350742 0.468194 0.041953 0.060556
0 0.341055 0.543681 0.041328 0.059583
0 0.247695 0.514444 0.041641 0.065833
0 0.834352 0.551708 0.077094 0.072778
0 0.972270 0.714868 0.055461 0.092153
0 0.514152 0.443833 0.047945 0.043833
0 0.430176 0.423979 0.030258 0.029764
0 0.364348 0.435764 0.034914 0.031833
0 0.254676 0.456229 0.030008 0.031431
0 0.243289 0.431215 0.034672 0.035153
0 0.325426 0.419187 0.027836 0.026514
0 0.722699 0.548438 0.064523 0.070153
0 0.839027 0.618604 0.091758 0.080875
0 0.491508 0.462472 0.038531 0.040222
0 0.447813 0.457743 0.046500 0.048264
