0 0.927617 0.608486 0.081641 0.075306
0 0.811191 0.676153 0.085023 0.082917
0 0.682719 0.721694 0.086203 0.128083
0 0.522504 0.693181 0.066523 0.116250
0 0.397578 0.657521 0.069687 0.137236
0 0.979398 0.580125 0.041125 0.071694
0 0.472105 0.427340 0.044227 0.044764
0 0.535375 0.436438 0.037266 0.032403
0 0.499262 0.486444 0.045695 0.044278
0 0.443156 0.465785 0.036797 0.032125
0 0.237070 0.521778 0.035734 0.049694
0 0.274629 0.590271 0.039117 0.056375
0 0.329691 0.546313 0.042352 0.058125
0 0.285313 0.630181 0.045156 0.074194
0 0.545184 0.585618 0.067258 0.097986
0 0.677160 0.962819 0.107164 0.074361
0 0.659625 0.472389 0.050813 0.038667
0 0.880441 0.962799 0.127242 0.074403
0 0.282738 0.788861 0.078508 0.156056
0 0.935762 0.692208 0.087148 0.076556
0 0.444805 0.573403 0.049453 0.065833
0 0.607578 0.476479 0.045625 0.046847
0 0.589219 0.533472 0.045156 0.053056
0 0.675898 0.580743 0.058203 0.066819
