0 0.737738 0.495319 0.051555 0.057417
0 0.912969 0.594444 0.084219 0.067778
0 0.250656 0.551090 0.039000 0.049458
0 0.292402 0.506646 0.038711 0.062097
0 0.327559 0.541639 0.039492 0.062444
0 0.897281 0.460764 0.070922 0.065417
0 0.300027 0.595868 0.040727 0.075069
0 0.544305 0.735243 0.073766 0.106875
0 0.293238 0.779313 0.072430 0.148347
0 0.387500 0.633326 0.077203 0.191486
0 0.431020 0.510229 0.046242 0.065958
0 0.371480 0.477799 0.036555 0.038792
0 0.399191 0.416208 0.032430 0.026722
0 0.288914 0.439007 0.036578 0.039847
0 0.262117 0.485431 0.035516 0.041722
0 0.260371 0.454708 0.031398 0.034389
0 0.748547 0.577972 0.070609 0.064361
0 0.508844 0.566375 0.054641 0.063167
0 0.322051 0.417250 0.041477 0.034167
0 0.917969 0.553639 0.068484 0.058667
0 0.732906 0.801431 0.112688 0.164972
0 0.331465 0.485736 0.037852 0.045472
