0 0.331441 0.482785 0.038055 0.042847
0 0.373937 0.517743 0.042500 0.056375
0 0.249145 0.446986 0.030758 0.034389
0 0.256754 0.480528 0.035836 0.043972
0 0.703902 0.503576 0.056852 0.056736
0 0.764984 0.642278 0.075031 0.085111
0 0.495520 0.629563 0.061305 0.100514
0 0.597227 0.826569 0.092422 0.139778
0 0.663371 0.967104 0.109414 0.065792
0 0.648504 0.565583 0.056070 0.053944
0 0.467348 0.440090 0.040352 0.047681
0 0.543281 0.505660 0.041250 0.042986
0 0.658410 0.698736 0.087602 0.114417
0 0.443539 0.502944 0.049437 0.066778
0 0.401004 0.677424 0.060992 0.114903
0 0.308668 0.521285 0.039961 0.057486
0 0.628617 0.510549 0.052250 0.047597
0 0.920125 0.651618 0.100234 0.102764
0 0.970840 0.828403 0.058320 0.099611
0 0.547426 0.463757 0.033758 0.033597
0 0.225773 0.923049 0.131781 0.153903
0 0.530129 0.585111 0.051055 0.064833
0 0.874281 0.931986 0.149719 0.136028
0 0.344223 0.421736 0.029836 0.025694
0 0.369398 0.591417 0.046719 0.069222
0 0.419375 0.435139 0.038125 0.033889
0 0.378863 0.479118 0.037117 0.035514
