0 0.273398 0.492056 0.035172 0.042889
0 0.371652 0.511979 0.042367 0.047653
0 0.565293 0.478840 0.051898 0.052153
0 0.650250 0.441118 0.121062 0.088069
0 0.965938 0.604542 0.068125 0.071000
0 0.257891 0.549653 0.037813 0.065417
0 0.681367 0.502972 0.051172 0.042056
0 0.802098 0.506889 0.066273 0.047667
0 0.569180 0.522785 0.046484 0.042792
0 0.709922 0.554167 0.055938 0.055833
0 0.821344 0.559021 0.067469 0.055764
0 0.301055 0.650903 0.047578 0.091250
0 0.778875 0.655236 0.083687 0.071583
0 0.331621 0.539653 0.041289 0.058472
0 0.423594 0.561576 0.046875 0.070458
0 0.359668 0.414243 0.026383 0.026319
0 0.387391 0.430028 0.029063 0.029194
0 0.340691 0.431458 0.031492 0.021528
0 0.506535 0.428931 0.101492 0.088139
0 0.319797 0.481368 0.036187 0.033292
0 0.625504 0.872042 0.115633 0.172444
