0 0.215883 0.401292 0.030375 0.026806
0 0.202656 0.486528 0.037344 0.054722
0 0.288676 0.501903 0.039070 0.041806
0 0.221820 0.427076 0.031297 0.024764
0 0.451988 0.958174 0.116117 0.083653
0 0.347695 0.431792 0.033344 0.029639
0 0.266430 0.542514 0.038391 0.061972
0 0.866848 0.720812 0.096039 0.097514
0 0.620637 0.550562 0.052273 0.055542
0 0.502387 0.554028 0.049195 0.056472
0 0.742070 0.562222 0.055078 0.054167
0 0.659371 0.514181 0.059820 0.047861
0 0.505469 0.446437 0.117094 0.131847
0 0.438797 0.442437 0.032406 0.030958
0 0.366895 0.510757 0.042930 0.052319
0 0.428152 0.501417 0.041742 0.047500
0 0.732906 0.620493 0.066766 0.066653
0 0.396125 0.691528 0.059344 0.093444
0 0.779273 0.545604 0.044672 0.039958
0 0.560852 0.510090 0.048672 0.048569
0 0.241680 0.467500 0.034922 0.050000
0 0.193828 0.439181 0.023906 0.025444
