0 0.172812 0.395056 0.016172 0.018194
0 0.306184 0.413299 0.020102 0.019597
0 0.482926 0.471910 0.041492 0.029542
0 0.528711 0.726479 0.068359 0.103097
0 0.405414 0.436215 0.032125 0.024764
0 0.373578 0.441521 0.033266 0.028292
0 0.343590 0.490035 0.044914 0.051542
0 0.263277 0.482958 0.037242 0.042444
0 0.258160 0.551201 0.037242 0.056569
0 0.431023 0.937368 0.113109 0.125264
0 0.816258 0.929028 0.150250 0.141944
0 0.453156 0.519264 0.044844 0.058889
0 0.477641 0.440285 0.037937 0.038042
0 0.612711 0.472813 0.034578 0.036458
0 0.574332 0.480167 0.051023 0.051056
0 0.384793 0.626479 0.057289 0.094069
0 0.584156 0.526285 0.045969 0.045514
0 0.454492 0.587201 0.055703 0.070347
0 0.773633 0.426431 0.045156 0.035917
0 0.184070 0.390319 0.019453 0.021833
0 0.248871 0.396507 0.024570 0.019653
0 0.211715 0.399417 0.025180 0.021833
0 0.273789 0.599861 0.040547 0.073056
0 0.776617 0.561993 0.081453 0.095264
0 0.846496 0.566250 0.068930 0.067778
0 0.718422 0.599806 0.064609 0.071778
