0 0.835391 0.692708 0.084062 0.083472
0 0.484758 0.458326 0.031578 0.026403
0 0.555547 0.458819 0.034375 0.038472
0 0.281484 0.647708 0.049063 0.087639
0 0.502848 0.649896 0.069930 0.107847
0 0.322969 0.527868 0.043750 0.066847
0 0.245195 0.469472 0.037844 0.044778
0 0.347969 0.435861 0.027656 0.024222
0 0.971957 0.719153 0.056086 0.095778
0 0.630945 0.477104 0.046359 0.036181
0 0.620688 0.454993 0.044266 0.031014
0 0.614148 0.503375 0.047016 0.045083
0 0.382535 0.483868 0.038727 0.039014
0 0.302945 0.403312 0.025828 0.024847
0 0.271492 0.408472 0.024984 0.021278
0 0.322375 0.418819 0.027719 0.028472
0 0.261875 0.543090 0.040469 0.053514
0 0.312633 0.479042 0.037344 0.034222
0 0.221090 0.936778 0.115586 0.126444
0 0.428445 0.948549 0.106406 0.102903
0 0.459414 0.470979 0.034609 0.036681
0 0.389414 0.431042 0.030234 0.019028
0 0.826445 0.553146 0.067578 0.070458
0 0.765391 0.602361 0.064062 0.075500
0 0.558594 0.774722 0.079375 0.117500
