0 0.335848 0.428972 0.022367 0.023222
0 0.862367 0.700201 0.104266 0.086819
0 0.854113 0.944194 0.109117 0.111611
0 0.251367 0.405007 0.026375 0.028708
0 0.187844 0.396111 0.021531 0.020556
0 0.664453 0.521965 0.051094 0.044931
0 0.507133 0.459375 0.040359 0.035694
0 0.567840 0.445576 0.038055 0.027069
0 0.382117 0.626181 0.050766 0.074306
0 0.342352 0.410333 0.024109 0.017472
0 0.561809 0.489556 0.041852 0.036083
0 0.596984 0.640806 0.067437 0.087500
0 0.308086 0.527361 0.042578 0.063056
0 0.633285 0.561507 0.050320 0.050625
0 0.985695 0.636264 0.028609 0.087583
0 0.295730 0.466153 0.041227 0.045667
0 0.273965 0.839493 0.085648 0.135764
0 0.423809 0.421687 0.037070 0.034153
0 0.239656 0.521167 0.040266 0.063167
0 0.830715 0.612056 0.071617 0.062139
0 0.344410 0.492931 0.039008 0.041722
