0 0.228570 0.453569 0.038016 0.039250
0 0.371164 0.408965 0.031266 0.029653
0 0.444266 0.461556 0.036313 0.030861
0 0.421168 0.540431 0.052320 0.068889
0 0.877773 0.645674 0.082687 0.071264
0 0.494160 0.555361 0.048445 0.051667
0 0.309531 0.423340 0.031094 0.025014
0 0.361328 0.437569 0.032188 0.030694
0 0.248000 0.908479 0.096625 0.151125
0 0.575918 0.484486 0.050195 0.050083
0 0.455844 0.602500 0.050656 0.074167
0 0.284453 0.685069 0.057187 0.108750
0 0.409062 0.673611 0.056250 0.105833
0 0.237070 0.520965 0.035078 0.053736
0 0.264172 0.485764 0.035781 0.042611
0 0.774734 0.870417 0.118641 0.148306
0 0.715336 0.513646 0.055375 0.059792
0 0.700340 0.598917 0.066695 0.071306
0 0.267227 0.587076 0.047422 0.076542
0 0.521508 0.653722 0.071312 0.110250
0 0.850840 0.694007 0.089523 0.083181
0 0.340656 0.542938 0.051359 0.061986
